10
-0.0160165	-0.0129494	-0.0137077	-0.00544019	-0.018935	0.0170366	-0.0332085	0.0270916	-0.014334	0.022556	
-0.413782	0.263022	-0.0505119	0.139385	0.0560746	0.12746	-0.024425	-0.000899518	0.216286	0.0804867	
0.136336	-0.0956253	0.00384053	-0.0387069	-0.00760923	-0.039329	-0.012126	0.00227338	-0.0623223	-0.0321884	
0.191271	-0.114212	0.0541397	-0.0621558	0.0023473	-0.0769368	0.0402485	-0.000927462	-0.0514351	-0.0461431	
-0.107923	0.0874232	-0.019581	0.0516625	0.0106418	0.0113327	-0.0169218	-0.0322867	0.0794638	0.0190998	
0.345469	-0.248113	0.0464664	-0.12029	-0.0442606	-0.116995	0.026607	-0.0178309	-0.207626	-0.0784729	
0.0707506	-0.0401012	0.0232041	-0.0109781	-0.0111527	-0.0628042	0.044408	-0.0415328	0.00371497	-0.0512224	
0.0174717	0.00669315	-0.0101928	-0.0176196	0.0198968	-0.0183439	0.00433332	0.0139751	0.0102326	-0.00465116	
0.186371	-0.121088	0.040301	-0.0753552	-0.0144509	-0.0611218	0.00886106	-0.0299225	-0.0866667	-0.0666667	
-0.314543	0.211236	-0.0416509	0.0951649	0.0483565	0.105525	-0.0135122	-0.0142636	0.186667	0.0666667	

Кількість ітерацій = 1239

Кількість арифметичних операцій = 2081

Час роботи = 0
